Geometria,Distance(cm),Material,Campo,Historias,Energy(eV),Seed1,Seed2,Filtro,ROI1,Erro ROI1,ROI2,Erro ROI2,ROI3,Erro ROI3,ROI4,Erro ROI4,ROI5,Erro ROI5,ROI6,Erro ROI6,ROI7,Erro ROI7,ROI8,Erro ROI8,ROI9,Erro ROI9,Simuladas
5cm_C.geo,90,CR.mat,30x30,2000000000.0,40,1136172866,1271143803,00Cu,15.2683,0.01502885,16.5575,0.01577265,22.9553,0.018677,45.4937,0.0260307,45.6735,0.0260849,45.8732,0.02613915,46.4831,0.0262988,46.9018,0.0264114,46.5961,0.02632825,2000000000.0
5cm_C.geo,90,CR.mat,30x30,2000000000.0,50,908613247,1277568335,00Cu,25.635,0.020889,29.1375,0.022442,38.8232,0.02595585,64.8098,0.0330786,65.2117,0.0331842,65.4485,0.03324225,65.9839,0.03335225,66.6851,0.0335213,66.0423,0.0333654,2000000000.0
5cm_C.geo,90,CR.mat,30x30,2000000000.0,60,2055055858,2123391404,00Cu,35.9079,0.02614345,41.0903,0.02813225,52.6248,0.0317991,79.8584,0.03855005,80.4087,0.03868535,80.5175,0.0386996,81.0203,0.0387862,81.7549,0.0389524,81.1365,0.0388106,2000000000.0
5cm_C.geo,90,CR.mat,30x30,2000000000.0,70,1796687004,1693252271,00Cu,44.7549,0.0305191,51.1653,0.03276855,63.5417,0.03638365,90.9228,0.04276185,91.5487,0.04291045,91.6646,0.0429266,91.9128,0.0429374,92.8214,0.04314065,91.9496,0.0429448,2000000000.0
5cm_C.geo,90,CR.mat,30x30,2000000000.0,80,537277198,1271143803,00Cu,52.7568,0.03442085,59.8505,0.0367672,72.6231,0.0402953,99.8364,0.04639145,100.664,0.04657715,100.63,0.04655495,100.603,0.0464972,101.614,0.0467167,100.736,0.0465186,2000000000.0
5cm_C.geo,90,CR.mat,30x30,2000000000.0,90,2003707133,1269537670,00Cu,59.4116,0.037643,67.0171,0.0400504,80.0245,0.04351765,106.591,0.0493085,107.611,0.04953535,107.318,0.0494462,107.152,0.0493451,108.282,0.04959055,107.152,0.04933965,2000000000.0
5cm_C.geo,90,CR.mat,30x30,2000000000.0,100,609165413,1699676803,00Cu,73.2125,0.04318885,82.2723,0.04581145,96.1897,0.04926415,122.899,0.054876,124.168,0.0551445,123.79,0.0550455,123.056,0.0548275,124.487,0.055121,123.207,0.0548475,2000000000.0
5cm_C.geo,90,CR.mat,30x30,2000000000.0,110,805915797,2134634335,00Cu,76.7458,0.0450348,86.2558,0.0477586,99.7854,0.051072,125.663,0.0564805,127.085,0.056802,126.635,0.0566815,125.677,0.0564115,127.168,0.0567125,125.878,0.056442,2000000000.0
5cm_C.geo,90,CR.mat,30x30,2000000000.0,120,1507508915,1706101335,00Cu,79.6994,0.0466207,88.9981,0.04924885,102.29,0.05249,127.617,0.057777,128.988,0.058081,128.441,0.0579335,127.524,0.057679,128.937,0.0579655,127.586,0.057679,2000000000.0
5cm_C.geo,90,CR.mat,30x30,2000000000.0,130,1115633376,426926867,00Cu,81.629,0.04779045,91.1465,0.050481,104.194,0.053647,128.926,0.0588205,130.451,0.0591665,129.738,0.05898,128.592,0.0586535,130.154,0.0589775,128.68,0.058658,2000000000.0
5cm_C.geo,90,CR.mat,30x30,2000000000.0,140,578356178,829761739,00Cu,83.3351,0.0487315,92.7188,0.0513515,105.62,0.0544765,129.913,0.05956,131.355,0.059887,130.787,0.0597355,129.54,0.0594005,131.132,0.059717,129.619,0.059397,2000000000.0
5cm_C.geo,90,CR.mat,30x30,2000000000.0,150,1755608024,2144271133,00Cu,84.4577,0.0493025,94.0857,0.052006,106.818,0.0550735,130.85,0.060116,132.382,0.0604715,131.659,0.060281,130.387,0.0599525,131.965,0.060265,130.514,0.0599485,2000000000.0
5cm_C.geo,90,CR.mat,30x30,2000000000.0,40,537277198,2137846601,10Cu,38.2143,0.0254906,44.8376,0.02772955,61.0806,0.03251725,95.2648,0.04071685,95.8279,0.0408357,96.1939,0.0409091,96.8447,0.04103715,97.7346,0.0412157,97.0589,0.0410791,2000000000.0
5cm_C.geo,90,CR.mat,30x30,2000000000.0,50,1466429935,2126603670,10Cu,64.5097,0.03579825,75.73,0.0389414,95.0552,0.04376045,128.522,0.050932,129.669,0.0511465,129.725,0.0511585,129.727,0.0511495,131.228,0.0514275,129.948,0.0511885,2000000000.0
5cm_C.geo,90,CR.mat,30x30,2000000000.0,60,1105363631,401228739,10Cu,85.0022,0.0437637,97.8696,0.0471003,116.41,0.0514725,146.605,0.057747,147.857,0.057968,147.685,0.0579405,147.033,0.0578025,148.71,0.0581105,147.195,0.0578275,2000000000.0
5cm_C.geo,90,CR.mat,30x30,2000000000.0,70,289178089,1701282936,10Cu,98.0734,0.0493993,110.901,0.052652,127.598,0.0565475,154.569,0.062169,156.124,0.062458,155.632,0.0623605,154.319,0.0620945,156.089,0.0624225,154.482,0.0621255,2000000000.0
5cm_C.geo,90,CR.mat,30x30,2000000000.0,80,816185542,1714132000,10Cu,105.506,0.053293,117.919,0.0564415,132.843,0.059963,157.144,0.0651235,158.949,0.0654615,158.187,0.0653185,156.239,0.064911,158.409,0.06532,156.448,0.0649425,2000000000.0
5cm_C.geo,90,CR.mat,30x30,2000000000.0,90,1714529044,2116966872,10Cu,109.048,0.055797,120.925,0.058841,134.519,0.0620975,156.792,0.0669245,158.7,0.0672955,157.593,0.067065,155.784,0.0666915,157.619,0.06704,155.806,0.066688,2000000000.0
5cm_C.geo,90,CR.mat,30x30,2000000000.0,100,1105363631,1690040005,10Cu,110.631,0.0576425,122.104,0.060628,134.404,0.063656,155.166,0.0682465,157.135,0.0686475,155.89,0.068378,153.642,0.067892,155.69,0.0682955,153.886,0.067938,2000000000.0
5cm_C.geo,90,CR.mat,30x30,2000000000.0,110,1745338279,2116966872,10Cu,110.732,0.0588525,121.788,0.0617655,133.229,0.0646345,152.706,0.0690175,154.675,0.069421,153.455,0.069152,151.112,0.0686495,153.031,0.069029,151.18,0.068655,2000000000.0
5cm_C.geo,90,CR.mat,30x30,2000000000.0,120,1415081210,406047138,10Cu,110.273,0.0597495,120.737,0.0625625,131.546,0.0653145,150.127,0.069574,151.897,0.0699305,150.76,0.069684,148.197,0.069112,150.172,0.0695115,148.313,0.0691125,2000000000.0
5cm_C.geo,90,CR.mat,30x30,2000000000.0,130,1528048405,1710919734,10Cu,109.193,0.0603525,119.375,0.0631395,129.598,0.065778,147.25,0.0698875,149.357,0.070352,147.962,0.0700365,145.401,0.0694455,147.339,0.06985,145.6,0.069491,2000000000.0
5cm_C.geo,90,CR.mat,30x30,2000000000.0,140,877804012,402834872,10Cu,108.592,0.0607475,118.576,0.063502,128.193,0.0659935,145.599,0.0701165,147.563,0.0705425,146.254,0.0702355,143.637,0.069632,145.711,0.0700795,143.777,0.069663,2000000000.0
5cm_C.geo,90,CR.mat,30x30,2000000000.0,150,1806956749,855459867,10Cu,108.365,0.0609655,118.098,0.0636635,127.675,0.066178,144.78,0.070251,146.671,0.070654,145.381,0.0703575,142.639,0.069709,144.619,0.07014,142.677,0.0697145,2000000000.0
20cm_C.geo,75,CR.mat,30x30,2000000000.0,40,2137213818,2139452734,00Cu,0.328134,0.00225306,0.333027,0.00227852,0.401436,0.00250879,0.599506,0.003066435,0.60999,0.00309618,0.6119,0.0031022,0.618249,0.00311535,0.632669,0.00314765,0.621987,0.003124825,2000000000.0
20cm_C.geo,75,CR.mat,30x30,2000000000.0,50,2055055858,409259404,00Cu,0.980521,0.004142295,1.03106,0.004264035,1.19029,0.0045928,1.63217,0.00536655,1.66937,0.0054286,1.67066,0.0054329,1.65987,0.0054093,1.7122,0.00548945,1.67061,0.00542685,2000000000.0
20cm_C.geo,75,CR.mat,30x30,2000000000.0,60,1435620700,1274356069,00Cu,1.86489,0.0059969,1.9621,0.00617745,2.22108,0.006574,2.88055,0.0074645,2.95329,0.0075503,2.94467,0.00754525,2.91969,0.00750495,2.99552,0.0075979,2.91119,0.0074888,2000000000.0
20cm_C.geo,75,CR.mat,30x30,2000000000.0,70,176210894,831367872,00Cu,2.82345,0.0076737,2.9692,0.0078954,3.29815,0.00832365,4.15655,0.00929435,4.2805,0.0094284,4.22067,0.00935925,4.17242,0.00929905,4.31242,0.0094454,4.18042,0.00931095,2000000000.0
20cm_C.geo,75,CR.mat,30x30,2000000000.0,80,1486969425,841004670,00Cu,3.84127,0.0092517,4.0529,0.00952785,4.43768,0.0099683,5.44814,0.01097195,5.62233,0.0111394,5.56133,0.0110729,5.45141,0.0109636,5.61317,0.0111088,5.46941,0.01098005,2000000000.0
20cm_C.geo,75,CR.mat,30x30,2000000000.0,90,1177251846,844216936,00Cu,4.78921,0.0105976,5.06057,0.0109089,5.46992,0.01133545,6.62893,0.0123991,6.85082,0.0125953,6.79334,0.0125444,6.61988,0.0123678,6.85054,0.0125661,6.64661,0.0123934,2000000000.0
20cm_C.geo,75,CR.mat,30x30,2000000000.0,100,816185542,858672133,00Cu,6.62863,0.01275275,6.9944,0.0131311,7.48719,0.01356845,8.96996,0.0147601,9.27636,0.014994,9.13152,0.0148725,8.90742,0.0146787,9.19703,0.0149021,8.91516,0.01468095,2000000000.0
20cm_C.geo,75,CR.mat,30x30,2000000000.0,110,496198218,2131422069,00Cu,7.38463,0.01367595,7.77394,0.01406885,8.2669,0.01447595,9.8902,0.0157314,10.1851,0.01594935,10.0313,0.0158348,9.75137,0.01559575,10.0785,0.01583705,9.8066,0.01562995,2000000000.0
20cm_C.geo,75,CR.mat,30x30,2000000000.0,120,805915797,1261507005,00Cu,8.04093,0.01447885,8.448,0.0148644,8.95602,0.0152824,10.6153,0.01651365,10.9288,0.01673885,10.8365,0.0166714,10.5149,0.0164137,10.8852,0.01667865,10.4954,0.01639035,2000000000.0
20cm_C.geo,75,CR.mat,30x30,2000000000.0,130,196750384,2124997537,00Cu,8.55511,0.01510785,9.04485,0.0155649,9.53296,0.01595555,11.2727,0.01721225,11.6505,0.0174895,11.4568,0.01733885,11.1138,0.0170707,11.5197,0.01735055,11.1659,0.0171004,2000000000.0
20cm_C.geo,75,CR.mat,30x30,2000000000.0,140,588625923,1709313601,00Cu,8.96844,0.01559325,9.4337,0.01601445,9.95815,0.01643665,11.7321,0.0176912,12.1681,0.01800575,11.9478,0.01783895,11.57,0.01754145,11.9657,0.01782535,11.6171,0.01757835,2000000000.0
20cm_C.geo,75,CR.mat,30x30,2000000000.0,150,1146442611,426926867,00Cu,9.253,0.01590315,9.75791,0.0163607,10.2478,0.01673415,12.0821,0.0180416,12.5361,0.0183547,12.2958,0.0181738,11.9367,0.01790345,12.366,0.0181793,11.9308,0.01787645,2000000000.0
20cm_C.geo,75,CR.mat,30x30,2000000000.0,40,877804012,1707707468,10Cu,1.47992,0.00494399,1.54406,0.00506245,1.82391,0.00552565,2.5563,0.00655565,2.6117,0.00662405,2.62542,0.0066419,2.63947,0.0066585,2.70581,0.00674055,2.6346,0.0066534,2000000000.0
20cm_C.geo,75,CR.mat,30x30,2000000000.0,50,1115633376,1686827739,10Cu,3.83643,0.0085238,4.06743,0.0088039,4.62298,0.00941545,5.92572,0.0106566,6.09476,0.0108031,6.06806,0.0107852,5.99875,0.01071975,6.17932,0.01086915,6.01885,0.0107353,2000000000.0
20cm_C.geo,75,CR.mat,30x30,2000000000.0,60,816185542,1272749936,10Cu,6.39776,0.0116217,6.77569,0.0119871,7.44295,0.012593,9.20858,0.0139856,9.4753,0.014177,9.38722,0.01411335,9.21159,0.01397815,9.52288,0.01420155,9.26064,0.0140164,2000000000.0
20cm_C.geo,75,CR.mat,30x30,2000000000.0,70,609165413,1701282936,10Cu,8.64788,0.01409035,9.17008,0.0145461,9.87128,0.01511715,11.8617,0.0165166,12.2269,0.01674915,12.0711,0.0166516,11.8163,0.0164747,12.192,0.0167125,11.8384,0.016485,2000000000.0
20cm_C.geo,75,CR.mat,30x30,2000000000.0,80,1796687004,1285599000,10Cu,10.4914,0.01603715,11.1168,0.01654675,11.7698,0.0170322,13.9714,0.018495,14.4568,0.018792,14.263,0.01867215,13.8612,0.01840655,14.3363,0.0186963,13.8657,0.01840665,2000000000.0
20cm_C.geo,75,CR.mat,30x30,2000000000.0,90,237829364,855459867,10Cu,,,,,,,,,,,,,,,,,,,
20cm_C.geo,75,CR.mat,30x30,2000000000.0,100,816185542,1704495202,10Cu,,,,,,,,,,,,,,,,,,,
20cm_C.geo,75,CR.mat,30x30,2000000000.0,110,1507508915,2123391404,10Cu,,,,,,,,,,,,,,,,,,,
20cm_C.geo,75,CR.mat,30x30,2000000000.0,120,485928473,2142665000,10Cu,,,,,,,,,,,,,,,,,,,
20cm_C.geo,75,CR.mat,30x30,2000000000.0,130,1425350955,1710919734,10Cu,,,,,,,,,,,,,,,,,,,
20cm_C.geo,75,CR.mat,30x30,2000000000.0,140,1735068534,1275962202,10Cu,,,,,,,,,,,,,,,,,,,
20cm_C.geo,75,CR.mat,30x30,2000000000.0,150,2013976878,853853734,10Cu,,,,,,,,,,,,,,,,,,,
